**********FIRST RUN**********

**********Array********** 2
  99  49  10  20  16  76  18  25  15  93
  74   7  91  97  13  55  72  40  22  73
  33  83  71  80  25  15  72  64  59  27
  23  52  70  80  13  20  90  50  18  15
  12  31   0  80  13  93  64   1  29  61
   7  37  60  90   8  19  21  19  70  86
  97  45  31   4  11   0  70  49  55  88
  26  29  80  50  71  77  14  59  53  53
  24  33  22  62  61  17   4  21  16  80
  56   5  65  77  18   1  58  19  17  81


**********FIFO**********
99  49  10  20  16  76  18  25  15  93  
74   7  91  97  13  55  72  40  22  73  
33  83  71  80  25  15  72  64  59  27  
23  52  70  80  13  20  90  50  18  15  
12  31   0  80  13  93  64   1  29  61  
 7  37  60  90   8  19  21  19  70  86  
97  45  31   4  11   0  70  49  55  88  
26  29  80  50  71  77  14  59  53  53  
24  33  22  62  61  17   4  21  16  80  
56   5  65  77  18   1  58  19  17  81  


Clock In: 400
Clock Out: 400

**********RUN 2**********

**********Array********** 2
  91  46  68  45  65  79  14  71  65  24
  11  85  72  21  15  82  21  92  88  18
  20  27  18  99  21  44  65  59  39  49
   6  39  86  93  11  85  73  42  41  88
  13  63   6  51  19  84  47  52  36  61
  90  18  67  80  96  46   2  82  30  98
  45  71  46  74  75  48  52  75   5  94
  21  50  81   5  47  73  99  19   5  16
  14  13  48  69  94  98  51   8  20  74
   0  82  93  61  32  96   3  45  97  53


**********FIFO**********
91  46  68  45  65  79  14  71  65  24  
11  85  72  21  15  82  21  92  88  18  
20  27  18  99  21  44  65  59  39  49  
 6  39  86  93  11  85  73  42  41  88  
13  63   6  51  19  84  47  52  36  61  
90  18  67  80  96  46   2  82  30  98  
45  71  46  74  75  48  52  75   5  94  
21  50  81   5  47  73  99  19   5  16  
14  13  48  69  94  98  51   8  20  74  
 0  82  93  61  32  96   3  45  97  53  


Clock In: 100
Clock Out: 100

