**********FIRST RUN**********

**********Array********** 1
   9   0  28  10  50  92  23  64  95  11
  46  13  65  90  69  54  10  21  36  83
  29  90   9   5  75  53  47  43  91  15
  22  70   0  41  68  54  46   7  50  82
  99   2  32  23  64  68  14  29  75  89
  52   6  23  17  32  95  93  88  90   0
  29   4  95  67  97  29   6   1  12  46
  47  27  35   5  29  98   7  64  86  50
  31  43  61  15  68  89  96  26  44  83
  71  35   4  78  80  78  97   3  27  27


**********LIFO**********
11  46  13  65  90  69  54  10  21  36  
83  29  90   9   5  75  53  47  43  91  
15  22  70   0  41  68  54  46   7  50  
82  99   2  32  23  64  68  14  29  75  
89  52   6  23  17  32  95  93  88  90  
 0  29   4  95  67  97  29   6   1  12  
46  47  27  35   5  29  98   7  64  86  
50  31  43  61  15  68  89  96  26  44  
83  71  35   4  78  80  78  97   3  27  
27  95  64  23  92  50  10  28   0   9  


Clock In: 400
Clock Out: 400


**********RUN 2**********

**********Array********** 1
  98  21  80  81  51  34  12  67  60  46
  37   1  72  60  22  88   0  13  34  73
  55  35  58  63  52  17  80  63  86  13
  66  76  90  39  16  48  55  75  78  60
  57  38  20  19  79  95  44  36  31  60
   9  65  11  91   4   0  45  95  28   3
  41  17   5  61  90  69  49  78  75  29
  98  15  44  63  87  91  29  46  86  40
   9   0  86  81  54  41  41  35  99  82
  27  61  67  20  44  34  65  76  44  49


**********LIFO**********
46  37   1  72  60  22  88   0  13  34  
73  55  35  58  63  52  17  80  63  86  
13  66  76  90  39  16  48  55  75  78  
60  57  38  20  19  79  95  44  36  31  
60   9  65  11  91   4   0  45  95  28  
 3  41  17   5  61  90  69  49  78  75  
29  98  15  44  63  87  91  29  46  86  
40   9   0  86  81  54  41  41  35  99  
82  27  61  67  20  44  34  65  76  44  
49  60  67  12  34  51  81  80  21  98  


Clock In: 100
Clock Out: 100

