**********FIRST RUN**********

**********Array********** 4
   7   9  41  60   3  83  23  78  67  83
  65  73  77  28  28  69  71  39  70  44
  35  53  46  90  85   6   1  42  32  68
  58  97  52  60  42  73  12  48  90  60
  55  45  40  66  80  22  70  59  33  45
  65  45  95  13   7  49  71  97  29  84
   0   7  91  85  18  55  55  76  70  22
  74  70  22  62  69  99  67  39  93  83
  84  72  30  12  17  62  69  79  76  45
  35  58  24   5   0  74  92  63  77  78


**********Priority Array********** 
   1   1   3   1   1   2   2   1   3   2
   3   2   3   2   3   3   1   1   2   2
   3   1   1   3   3   1   2   1   2   1
   2   1   3   2   3   1   2   1   3   3
   1   2   3   3   2   1   3   2   2   1
   1   1   1   1   2   2   1   3   1   1
   1   1   2   1   2   1   3   2   3   3
   1   2   3   2   1   1   2   1   1   3
   3   3   2   1   3   2   1   1   2   3
   2   3   1   2   2   3   1   2   3   1


**********Priority********** 
  7   9  60   3  78  71  39  53  46   6 
 42  68  97  73  48  55  22  45  65  45 
 95  13  71  29  84   0   7  85  55  74 
 69  99  39  93  12  69  79  24  92  78 
 83  23  83  73  28  70  44   1  32  58 
 60  12  45  80  59  33   7  49  91  18 
 76  70  62  67  30  62  76  35   5   0 
 63  41  67  65  77  28  69  35  90  85 
 52  42  90  60  40  66  70  97  55  70 
 22  22  83  84  72  17  45  58  74  77 



Clock In: 400
Clock Out: 400

**********RUN 2**********

**********Array********** 4
  65  40  45  75  59  80  14  64   4  52
   7  52  71   2  47  46   4   5  82  61
  68  60  87  61  38  22  57  78  22  78
  15  67  58  12  61   8  79  37  45   3
  98  75  85  11  35  76  13  59  36  20
  52  79  34  76  95  41  16  25  66   6
  37  85  87  81   8  53  47  64  45  95
  47  34  22  66  94   4  98  22  68  82
  90  97  16  44  82  51  49  93  33  28
  59   0  20  29  23  43  47  55  51  76


**********Priority Array********** 
   2   2   3   2   1   1   1   2   1   1
   2   1   1   2   2   3   3   3   3   3
   1   2   1   2   1   1   1   1   1   3
   2   1   2   3   3   3   3   2   1   1
   3   3   2   2   1   2   2   2   2   2
   2   1   1   2   3   1   3   3   2   3
   2   3   3   1   3   1   1   2   3   2
   1   3   1   1   2   1   3   3   1   2
   2   1   1   3   1   1   3   2   3   3
   2   1   3   1   1   1   1   2   3   3











**********Priority********** 
 59  80  14   4  52  52  71  68  87  38 
 22  57  78  22  67  45   3  35  79  34 
 41  81  53  47  47  22  66   4  68  97 
 16  82  51   0  29  23  43  47  65  40 
 75  64   7   2  47  60  61  15  58  37 
 85  11  76  13  59  36  20  52  76  66 
 37  64  95  94  82  90  93  59  55  45 
 46   4   5  82  61  78  12  61   8  79 
 98  75  95  16  25   6  85  87   8  45 
 34  98  22  44  49  33  28  20  51  76 



Clock In: 100
Clock Out: 100

