**********FIRST RUN**********

**********Array********** 3
  47  71  65  13  35  69  64   2  30  20
   1  44  13  50  76  93  53  21  43  98
   3  84  10  53  35  46  59  19  62  16
  40  27  32  36  32   7  19   2  98  76
  30  11  73   5  48  56  56  27  73   4
  43  60  66  61  18  45  10  71  96  97
  44  38  88   3  80  74  64  39  59  29
  18  92  50  85  11  73  92   9  41  77
  31  96  88  28  80  64   4  91  34  16
  49  34  65   1  28  33  78  38  49  60


**********Sorted**********
 2   1  13  13  20  30  35  44  21  43  
47   3  50  10  53  35  46  53  19  59  
16  40  27  32  36  32   7  19   2  62  
64  30  11  65   5  48  56  56  27  69  
 4  43  60  66  61  18  45  10  71  71  
73  44  38  73   3  76  74  64  39  59  
29  18  76  50  80  11  73  84   9  41  
77  31  85  88  28  80  64   4  88  34  
16  49  34  65   1  28  33  78  38  49  
60  91  92  92  93  96  96  97  98  98  


Clock In: 400
Clock Out: 400

**********RUN 2**********

**********Array********** 3
  42  14  32  71  79  90  96  25  31  83
  90  68   7  98   7  65  82  69  40  21
  71  96  81  39  79  36  68  31  67  47
  51  48  93   6  41  77  21  11  77   1
  82  70  55  40  98  16  94  32  79   1
  54  33  99  31  28  48  66  96  36  59
  98  62   2   9  31   8  67  86  63  35
  12  37  64  80  76   9  48  92  22  81
  40  39  31  12  49  78  38  61  47  52
  52  19  76  41  82  12  77  76  55  17


**********Sorted**********
14  25  31   7  32   7  42  65  68  40  
21  69  71  71  39  79  36  68  31  67  
47  51  48  79   6  41  77  21  11  77  
 1  81  70  55  40  82  16  82  32  79  
 1  54  33  83  31  28  48  66  90  36  
59  90  62   2   9  31   8  67  86  63  
35  12  37  64  80  76   9  48  92  22  
81  40  39  31  12  49  78  38  61  47  
52  52  19  76  41  82  12  77  76  55  
17  93  94  96  96  96  98  98  98  99  


Clock In: 100
Clock Out: 100

